<Nodes in Each Supernode>
3229	2140
1145	4356
5369	5799	3587	1339	1406	3619	195	4590	5120	199	3010	3914	2392	1726	1822	3124	5133	2888	4690	3626	690	337	713	4189	1225	6826
3	4257
5330	4546	5361	4159	2777	5562
4463	1235	1373	5052	6261	1781	1075	3046
2752	7256	4720
1806	1897
3898	4259	5998	2587	1313	969	387	7260
1953	3612	1606	1207	335	5963
2153	385	1885	6106	7337	7207	4437	2062	190
3378	1444	1304
12	2639
5120	2956	5166	6878	836	6925
5666	2067	6760	4	6950	2257	6615	6601	3156	1968	3936	5858	1049	946	3175	2657	2633	2483	672	4405	5950	3351	4665	1514	4694	6833	3704	5813	4050	6012	2945	2315	4774	2935	4551	2581	1949	6842	1829	1858	1038	4179	4233	2692	1676	509	6007	6328	2253	3885	4503	5002	6151	1782	24	1172	27	4066	7356	2733	5135	6396	64	2630	5354	3905	2594	1969	5645	3255	1775	4134	4942	3754	1966	395	4682	841	1495	3740	4489	6133	5617	5721	2941	7619	4973	2402	1469	6947	1930	3608	3475	36	6210	6854	5163	1139	2778	5157	1024	6545	6758	1023	3872	3099	3201	5697	2883	2780	7222	5472	4133	5882	50	6464	4849	7384	7283	7274	6060	2632	5474	55	4232	61	57	2662	1034	4500	4016	5122	1101	5924	6830	5798	6107	5432	2916	864	7471	5605	2851	6008	66	1727	5648	7298	2378	3015	2604	2351	2307	4750	586	5594	2500	2718	4580	5809	7555	5760	7549	869	7000	2611	6510	5690	4815	6122	5830	2582	5380	74	2508	4424	2590	4853	565	4640	152	6825	4642	6910	6271	88	89	1735	3051	3778	2057	3849	7006	6251	4897	6393	5967	1679	7180	6225	6743	7324	4022	5224	1605	2990	6474	978	5181	5779	1609	3126	2481	5765	1344	2963	4958	265	100	1104	163	4708	5321	6995	5486	3640	2606	4449	7289	1745	5086	6075	3422	2701	4258	4674	5664	4238	4177	3254	1996	6294	2410	2612	1719	4458	4841	5843	3763	6736	7319	6380	5961	7370	1984	7267	3142	4998	7594	3372	4731	6543	5311	992	129	4545	5732	4371	2432	2758	2567	3785	3485	134	2325	1206	2950	2048	7467	1194	1081	5001	5820	4596	4645	1507	1675	2182	5755	4209	5089	1331	2294	5152	3412	4370	6892	6573	2461	7505	3196	4025	4667	7051	3067	1427	21	3963	3026	2989	2169	4169	150	1712	5912	5792	5930	155	1977	156	979	2983	1591	3548	1985	2274	5887	157	6081	7367	3057	5552	165	4030	1143	2811	975	1357	3959	3676	6386	1201	6685	5784	7140	5808	4092	6681	4281	3613	4325	1480	5957	6604	2770	7408	7174	5136	6254	4268	1484	6488	4005	2286	4245	4469	1309	3901	2852	914	382	3490	1572	2519	79	6462	7186	4402	4565	2655	6268	4472	6497	4339	7599	2478	6123	4486	3753	6559	820	1549	5871	6535	2842	205	2675	2231	1364	3246	1561	7506	2731	2687	7239	6539	5870	2727	2309	5899	757	4628	938	4639	1185	6220	6263	6532	4630	719	1537	1429	4683	3685	4587	4349	3815	834	1361	5396	5762	4352	1085	5922	218	1097	4953	2877	7109	5170	1247	2887	2743	7342	227	4445	5266	954	6939	3111	2759	146	2010	804	6285	231	5807	2167	1951	632	6349	2214	5129	4002	3328	5434	917	1470	3976	5465	4886	1755	4255	780	5022	6132	4231	2651	5880	5524	239	2528	3076	1649	5888	1301	2939	4559	5265	2273	390	4340	1975	6788	3151	3153	4068	1967	1760	6555	1067	6900	247	248	249	1914	7430	3560	4354	4263	254	5886	262	2179	6176	5382	2817	4041	2927	76	274	2837	280	1022	5738	2336	4463	2052	6384	7034	5741	6730	5329	6655	1387	284	2664	1192	3027	943	5838	5452	2172	2053	2173	1857	6603	3933	1267	3207	940	2166	389	1910	5875	430	3191	4381	7047	6233	2748	4800	823	5284	4643	7124	2813	6173	5228	5523	4412	681	399	5827	4902	298	4712	6376	301	3307	304	2365	2849	6409	6017	1662	2320	838	3256	4454	6034	305	6829	3992	1529	310	3746	845	3601	5235	1823	4969	1370	2534	168	3804	5695	4218	3297	629	3174	6994	7116	7447	6807	7164	3915	5373	4322	1366	1116	2360	4761	1867	384	3166	1453	1869	3819	2540	5531	2437	7048	5193	1294	2608	4862	4577	2550	6498	350	6677	4679	352	6410	353	5004	4699	6864	2380	7249	6024	3000	5143	354	6322	4737	3917	6018	6698	5077	2374	3354	6918	355	3935	6619	4542	7341	6915	5565	5987	1112	1059	921	3709	2767	6447	5771	5191	4564	5437	1573	1355	371	7192	4435	4439	3964	2970	4197	5723	1432	759	5795	1386	4784	2696	3069	3053	2732	7082	77	4537	3881	3160	7154	4858	1308	764	5849	1322	4991	6097	5232	5415	2722	4326	1723	2820	497	3788	5037	3098	6422	5481	377	3791	5393	4010	2561	1881	3217	5484	7025	4403	4608	5307	6072	1640	2256	4383	4696	6587	6916	2281	2698	4496	6306	6662	5805	970	3616	3689	6192	5051	2502	7221	2375	4409	396	4185	7382	6815	2009	5186	6732	6400	4534	1583	3435	7312	5672	5185	6453	1715	1087	3534	6570	3476	7022	4733	3109	581	7003	6237	6199	39	4492	2719	401	3427	4597	5973	1374	1419	2839	6402	404	4360	3464	912	5146	1532	4094	4878	5891	2407	6716	3734	1089	4834	1307	2505	3825	411	3187	2431	412	5503	1708	3065	6059	1596	2677	1566	1359	6614	7572	6048	4582	7470	4213	2736	425	4872	2661	6030	3554	5112	1440	5602	316	6660	3403	5608	4178	1159	6404	6611	1607	5164	4848	3531	3311	6624	4877	2621	3947	5954	3219	318	2934	5928	2415	3516	434	3140	437	5699	3386	7149	269	7115	4635	3070	1732	1330	4965	4331	7306	455	459	7040	7066	5155	6430	4064	3152	5183	6183	3229	5118	1669	3916	6433	4861	4766	5000	5138	3479	1923	4558	5442	4552	963	3691	4776	4975	1163	4017	1298	3301	5936	5381	6426	7491	4826	4896	4732	493	5368	575	7291	6246	5179	3287	880	7058	3982	4347	7073	905	1395	7433	1730	877	4629	3683	2855	3296	1581	2002	1356	7389	6582	2667	5826	5812	5546	6741	1096	5979	6518	6209	5083	1071	5976	6434	1290	2064	993	7354	6152	4893	1981	2953	6423	2885	4964	3209	7540	1593	6076	6184	83	1151	7371	5145	7211	3796	6981	4566	3629	7407	4418	1403	4734	3546	7493	868	4389	4391	449	5767	6963	2602	7259	1575	4539	1154	2136	4984	6814	3362	1167	1358	2246	3733	3429	3765	5050	1877	4913	3252	4053	1540	525	3211	526	4810	1515	6435	6011	3899	5116	5117	1707	4791	3884	7290	4736	4063	532	5810	533	2536	6557	5839	3922	6746	7478	2321	8	1686	2120	7134	1619	5733	4460	2370	2438	545	856	5729	3783	5747	3032	3261	855	6653	5296	5719	7041	1928	3011	4199	5398	564	570	6039	4089	4576	577	6773	4713	5661	3866	2362	6276	2756	2383	595	3226	844	4168	3627	6658	5801	5874	2907	6798	5451	6569	4911	5806	2716	3623	2984	4669	2860	5239	6779	3406	7307	2228	5338	7081	6895	3674	3688	2084	6591	3913	507	3091	3054	7096	1315	6626	811	5023	6993	2642	839	1360	3353	1589	7277	1841	4816	5182	4827	1483	5995	5053	5662	5992	3981	5607	6901	2220	4829	6980	5860	4407	653	4288	2652	1578	5590	3579	668	321	7281	6580	3827	4510	5986	2287	2454	5123	1378	2886	4498	7480	3177	902	5374	5908	678	7431	795	7208	5622	1587	826	5195	5932	3300	3702	6119	1270	3716	3577	72	822	2255	3723	4278	3001	3421	4798	1826	4547	658	4695	1254	7275	6839	4789	6977	1036	693	3465	7613	696	4413	3089	699	5009	1791	774	4203	4598	6308	4173	2279	1257	712	814	714	5522	7465	4372	5571	2082	1489	1646	1797	6669	405	7358	5148	3488	3792	7509	2203	726	4802	6247	732	3206	1461	6606	2223	1318	4395	4972	2520	3473	1088	3343	5757	2270	7095	4441	5262	2113	7567	3179	5376	2752	6242	2762	1874	3276	3989	43	2346	4586	2545	3769	7169	801	6984	819	6289	1188	3092	1754	3239	1347	2131	7171	5717	4070	6922	5983	5691	3654	781	784	5213	790	4430	1248	3094	6608	2671	6961	2895	797	3176	6363	0	5834	1276	783	6680	4592	7503	770	2597	4271	3907	3863	1915	3663	3376	7044	4493	731	2489	2543	6780	4045	700	4154	4015	5267	4071	7512	6516	2103	3604	716	2905	4747	1485	2397	2969	6394	1229	6714	677	4446	1072	4253	2974	3150	4313	1477	5006	4807	4627	2007	1454	5910	4160	2930	656	3100	4379	3802	2512	4378	6928	1827	3719	3478	2784	7588	1962	6371	1687	2782	6630	5742	610	4631	2076	6835	5223	4513	597	6513	590	3374	5069	5302	3749	5042	2592	1813	6032	6579	579	5187	578	7453	7212	5316	560	6397	5397	556	5367	3416	2124	2165	6045	746	2924	537	4386	1282	5288	3558	5840	4894	3808	2965	6560	6138	2894	2474	7043	5438	6137	1205	1769	5184	5085	2665	6527	6989	3870	1832	7067	6869	2319	1400	6324	2918	10	5489	646	11	6103	4473	3447	5331	511	1286	4380	4988	626	2418	4062	6574	6575	5408	5365	3711	4817	4226	6485	2917	881	1182	3930	745	1702	1987	7230	7272	6613	1435	4808	3202	3628	5542	785	460	6150	3517	3846	1425	4541	4764	4588	6725	7139	3954	4046	3356	439	1993	6443	990	6948	892	1895	2833	3424	7374	6820	1569	5289	6661	423	6038	6086	5756	14	1764	5686	2388	1120	7521	4113	4055	1766	6355	2622	7421	3491	5421	1889	3265	2068	2049	6098	1683	6331	6143	394	1478	5395	7617	6307	7130	1802	6759	1385	2210	5012	2824	3370	6362	1939	4192	6917	2573	6805	1631	5044	362	6357	5614	1972	873	431	861	492	5003	1664	6851	703	4485	761	351	2241	3728	3384	5544	7131	344	5780	2936	5865	5898	2850	1452	159	4131	5197	7331	1122	5501	635	1027	4550	6129	333	1784	3487	4026	332	6686	6783	6806	7343	3817	2889	3302	2058	7326	6069	3707	2674	325	2295	1138	7437	3391	1660	5016	324	3323	539	4394	4292	6111	3168	7539	4276	309	2251	4321	2537	7236	5081	738	6222	5036	303	2653	2339	6645	5372	1332	1121	4828	5467	2525	7450	3710	2348	1815	420	1846	751	4075	6318	2565	2919	6821	6040	6550	2175	2693	3673	3441	3122	523	4647	2804	4090	4680	6571	3268	347	3204	3518	7050	6420	7369	3606	6282	1892	659	1211	6303	4241	6688	2795	4079	4620	4495	6348	4076	278	1204	258	6346	2168	5974	3101	7327	2303	7303	6164	7440	253	2208	2117	250	1184	2631	4891	4219	19	2625	1501	6429	3002	3443	4462	7523	2607	5428	7473	1997	2176	3677	242	3344	3382	5814	2922	1460	6224	230	4889	2161	5778	2363	6260	4170	225	2646	2032	23	7317	6044	5144	5674	5257	5540	6269	5046	7111	28	6927	3877	4740	704	496	2371	7355	1747	1543	5229	2149	1714	4746	7018	5333	5345	7104	26	5280	5061	3290	1084	1450	1814	3043	4135	5960	1917	3908	3525	4917	3537	2867	7515	7129	5494	589	3848	3327	6077	4648	2344	5369	4856	5058	5999	6508	3576	5533	2016	965	3929	6325	1718	4443	4921	6531	1061	6704	1295	3732	5010	3040	584	2753	6196	4530	5356	6726	7531	4987	5482	1855	5952	2366	2023	4310	1913	5346	2243	3164	6867	4223	173	2340	6877	34	3927	4717	1526	7035	3193	7106	7474	3658	6274	3575	1439	3806	2518	3588	6425	4497	4882	6113	3583	3192	4686	5416	4144	7305	3159	4272	1382	3025	5021	4901	1367	1074	5399	7223	6663	145	144	2555	6511	4442	4508	5917	4852	3340	1809	5067	1768	6387	7263	7029	3315	594	1746	2906	2668	7033	4013	987	1684	2603	2133	754	2399	465	5176	908	1947	4574	4459	2278	4240	1214	3205	5726	1988	2898	5525	2061	5268	1992	7412	3379	922	1232	4684	5921	6687	1759	3789	6561	3945	2981	2948	5459	7362	6015	6605	6079	3967	5017	4357	812	1141	1479	2434	6618	1512	2078	1713	6841	7099	5693	3081	7425	1390	2368	3780	2021	5997	1548	3994	185	1673	7516	7092	3980	3259	4116	5758	6976	527	1554	3414	4687	2564	6537	466	906	851	361	7553	1498	4317	1861	5059	2254	6219	3805	1693	6014	62	4792	4616	3132	592	398	7250	2556	4166	6221	63	5644	1002	7606	5360	3939	1502	5797	974	2237	4677	7097	1003	1621	1241	6338	6290	6810	6006	5475	2249	1105	6036	1931	4570	1722	2554	6442	2976	6161	5712	3999	6340	108	2293	2447	482	5330	760	3134	3036	2488	6696	7335	5971	1200	6216	1319	211	3044	3862	6277	7479	84	1128	7251	2332	328	5554	3760	6253	5241	2951	2425	5285	5515	7013	4594	7609	4343	4333	3536	2341	7492	6838	2263	5574	4183	960	4783	2356	4850	2377	7126	6723	3590	2627	86	6115	7085	87	4388	3366	6693	7218	5713	4479	93	5025	662	1873	2853	7195	5500	727	6302	3125	3614	3742	4843	1234	5759	6649	6142	5696	2549	5247	5783	4308	3454	2925	5743	160	1258	2043	1974	3513	2215	3203	3600	3692	7023	4753	1783	340	2394	2150	2629	6744	3114	2490	2792	2634	3188	2893	5476	4874	1737	3222	1212	6852	6683	4101	4799	4059	164	101	1175	6699	7010	6643	2143	2563	3924	1246	7065	4950	5746	2993	2018	3651	4484	3260	273	5626	2750	3705	4299	3698	7012	1011	3979	988	7219	2741	7351	4423	1153	6293	5092	171	2576	2754	5283	638	5678	935	1893	3611	5716	5502	472	7147	3060	4939	916	7304	576	5464	3839	580	1064	7415	6278	6163	6769	2405	235	3609	4350	2413	1670	4767	5315	287	477	7597	1456	3243	7418	6505	4236	3200	3245	6920	5715	2658	186	4289	1989	2937	4533	666	2436	3398	3048	3014	1174	7202	4621	4176	6520	3392	1637	6212	5980	7220	1787	1272	5031	1936	105	5521	4115	611	2379	4419	1100	6949	7185	1255	5290	5996	1616	4723	2788	1311	6279	6345	5682	4217	6156	4604	4227	197	2304	154	2227	7373	5008	194	2024	4490	1953	1455	1217	2978	204	30	1079	882	5379	31	206	415	1756	1552	2206	7110	210	3258	3931	75	18	7510	7577	4036	6631	5407	3803	574	6782	6684	2013	5513	2810	7423	768	6450	1868	4206	3505	188	4870	7401	7376	2786	98	5547	4602	6629	6540	6549	3618	7142	1421	728	329	1256	1052	1277	2430	5576	2523	1409	5425	7602	1285	4725	3049	4422	5569	463	7564	6534	3639	1220	7457	5636	6786	1420	6057	5098	2224	5940	5496	2547	5598	6506	3895	926	2108	6480	2526	3058	6213	7368	1626	6843	3216	546	237	3013	4656	3883	779	3987	2679	3519	5883	2462	376	4450	1952	7386	2859	6438	223	2155	2618	720	7538	6245	513	476	12	7570	642	5026	1224	3135	3199	3718	903	2717	5480	4652	3524	6962	5794	1508	2314	6154	5158	6171	2236	541	3957	7607	2335	2579	53	3693	52	4106	1032	277	3442	462	4962	5663	7366	5084	4968	4130	2384	4651	3317	2005	5994	6358	454	5919	7361	1580	5655	6262	1157	4678	2832	7016	6063	5823	609	2773	330	6987	3993	7518	901	5527	2065	6181	3271	4650	5487	2001	3095	4885	725	5254	2808	6791	442	121	2042	345	1744	1998	451	1920	799	6953	2685	5339	6951	5969	1131	7528	7093	3665	2684	3876	508	2986	3649	2423	5306	6905	514	2174	2529	1890	4966	7486	2129	5941	5202	6899	4515	3215	3173	5837	5126	1352	4693	5637	5609	1935	6668	966	4301	5287	4963	3263	5611	4295	634	5258	3062	7280	1165	3141	4316	20	4771	1900	4857	5890	5167	1741	941	4362	1887	2467	3830	4613	4637	4779	3960	3646	1499	2866	6888	2443	6157	5353	2258	5800	928	3313	3696	6986	5588	996	2288	4742	7622	5949	976	5855	4234	481	7228	3921	2132	818	2729	6547	3119	753	6337	4239	4165	2389	6881	3220	6659	5964	6819	6052	5300	1341	1178	7300	7118	3212	4801	7313	3818	3736	5724	6675	441	5190	4751	7057	348	6401	2250	3820	7618	3029	3523	6315	5094	4286	1082	7497	953	2088	706	5394	2799	7400	478	2900	4895	5920	6195	7448	5953	6452	3568	4136	1007	2428	3411	6938	5907	6880	1031	2609	486	6581	6415	2157	2819	3331	5517	6125	3426	6943	1253	520	7119	5435	6049	5638	126	2247	4273	1898	6973	5894	7462	862	3348	444	2184	4466	4762	6083	6638	435	1203	1303	1442	1094	5646	1065	1538	1354	3021	7513	4137	3879	7593	6102	5076	3585	1622	7190	4765	832	972	2497	762	6226	3641	5835	5632	5278	2541	1351	4275	5785	2562	6174	7336	4982	4949	6099	5776	323	6112	7508	7146	736	5499	3638	5943	806	3455	1668	6058	4989	643	4080	747	796	6499	6124	4414	895	6465	2063	5915	4681	1798	7188	2081	4670	2035	3743	807	2742	1492	7128	7279	1083	5652	1069	7383	1925	691	3355	5728	5881	7002	1919	4568	636	272	198	2680	758	2158	3757	651	7204	2796	573	103	670	4028	3373	94	7136	4518	1942	6158	551	6781	1494	5802	91	7620	2495	7507	6211	2193	149	5105	883	863	7	6250	428	6243	2987	1516	4067	4367	7094	2019	2879	1615	4374	1960	1424	5925	3697	4833	6300	3940	4320	7159	9	2660	4481	6053	6728	4918	1847	2496	468	7156	6828	1899	5082	85	5753	4658	3444	4247	3440	4432	3088	4601	6517	1423	494	1932	503	4967	2943	4890	2771	6292	1921	1629	1651	6070	5385	620	2789	13	5068	3937	830	6959	2060	1372	4704	95	2317	5977	1568	6073	4887	2738	7552	6065	4711	1020	2623	1233	6595	2469	6904	1582	6186	2598	1922	1242	5909	5102	5087	7027	6785	7392	4361	3131	1414	6092	6812	1706	3500	7405	6326	7252	3566	2575	4382	5656	3472	1523	4663	4573	7203	6975	3659	5041	6419	3463	6644	1645	3395	3868	6405	3514	2912	5154	1416	2441	5955	3008	5593	54	6002	5159	6719	331	1086	5072	1638	5951	7432	5766	4922	3795	5667	890	6584	6215	7454	427	283	7161	3664	2709	5725	1956	5600	5916	4571	467	6496	5236	1130	6525	3451	2485	983	5658	547	6377	6104	7143	4037	3539	7390	3233	7616	4819	4198	567	6236	360	5388	3047	6205	7061	2072	878	631	2097	3603	1524	2724	2326	3615	4581	6600	5447	3033	5113	4795	1941	5579	4990	2715	446	3121	5510	647	5597	5203	307	4715	1950	6967	238	2904	1126	7363	4470	5490	3232	4048	876	1613	4365	7268	2901	6756	1632	5282	7017	5559	410	6637	5520	3838	1770	6352	2183	2891	4527	3349	139	5449	2369	5035	6091	142	3721	5739	910	7504	5927	4034	6794	5497	1835	4718	4029	1458	153	5624	1078	5692	1854	4698	3326	3561	7181	4351	4120	1955	4633	3248	2695	4855	5788	3133	6926	132	2728	3653	3162	1678	1147	621	219	7424	2501	6320	3824	5218	1231	4978	4822	6444	4976	2234	5647	4358	7301	4943	5877	388	4251	7243	5884	1518	1709	207	4031	2070	6232	2610	1864	3973	5479	4979	5446	521	1493	2487	2192	7575	1721	3136	612	6085	6360	5623	1724	3777	4569	4499	5821	6175	3725	6514	429	6859	3553	1948	7530	6304	4088	3452	1008	6586	3595	264	7608	3990	4519	7350	2476	5055	7546	6795	3237	5825	285	6709	4187	3097	2710	5789	2620	1030	2138	968	5737	4995	2643	256	3642	5341	1961	3389	1119	997	5248	1690	6969	3404	5748	363	875	3312	6733	6964	1222	4863	111	5577	6903	191	5537	5720	2774	5073	6913	3436	6413	447	6929	1812	32	2195	607	4794	3320	4575	2280	2073	5234	3605	3938	5493	5100	1685	7088	5702	480	7049	4824	3541	1103	2090	6602	5541	7127	847	4997	1739	2188	3477	174	5074	1954	1413	3735	3324	2530	4875	2071	561	7445	5923	38	5460	4914	1238	7325	644	1323	7320	897	5276	6670	1098	6771	4619	202	7042	2644	5568	5889	2126	6597	3272	4615	414	5984	1884	7402	3634	2915	4266	5295	5214	5751	2574	663	2387	5377	167	6256	5668	3772	2812	2358	1853	3439	4314	7167	3481	4153	263	122	6486	4945	1146	3419	3434	6310	4553	5859	6635	4661	3387	2666	6000	5130	1155	7456	6359	1039	1408	5320	78	1216	3985	4077	2163	5318	7573	4181	2310	6140	5824	7059	6634	6793	744	2708	5020	2959	6979	3867	5211	2704	5328	4664	1448	3448	7501	1063	755	6568	6956	6656	4957	2521	6336	6857	367	559	5121	959	6093	7496	6144	6583	2185	633	6554	4524	6914	2296	2355	5141	6997	1343	3586	3918	3305	6692	3684	2863	6808	1391	4996	3552	2372	2831	1758	6134	4061	5030	6682	336	2116	3068	5201	6529	4194	1486	2036	3773	4999	7255	3432	3496	7193	3031	934	2865	1136	7039	3831	5279	4468	5313	5200	5291	6803	1326	2047	1655	4027	5483	6335	3482	2802	6087	6347	4480	5250	5511	7565	6047	3678	40	6141	3807	5348	220	6342	338	6197	6139	5403	2213	4344	3329	60	4118	5317	2509	4456	1680	6909	985	1697	5018	5811	470	2412	4919	7187	1006	5362	4494	1434	6398	25	2531	1193	3284	2514	7542	5293	5110	717	1742	5566	3433	44	138	4813	432	5128	2479	5512	6870	1077	1243	2291	515	5897	4346	4129	1595	5261	7310	1099	5310	5905	4525	5336	4844	824	2723	5423	1398	4482	2785	6127	7387	7558	2221	3185	553	6354	947	2880	5131	3956	3146	2999	3843	366	7079	4057	2119	6930	2403	4672	7292	7316	6272	7265	4415	4369	7133	1443	4993	1055	4375	3449	2226	443	5567	2277	4940	1663	858	3528	2240	893	7592	4392	6041	4543	6403	2928	6096	6003	5822	3228	5326	2300	5443	3338	5412	3882	5269	1179	7333	2807	1666	7198	391	2801	4842	4583	1190	3906	4933	3670	3578	6679	2616	4729	3309	5444	2793	4100	6809	1824	3912	3527	6313	5063	2465	6191	4673	3875	6844	5065	4839	2749	6777	4083	7019	6650	3235	5956	1894	7201	6621	2233	5878	6382	803	2191	1305	3559	5761	3468	5049	2008	6907	1110	4336	5243	6412	3461	1321	1263	1368	3965	1068	3570	5103	4898	792	5091	2034	1441	623	1995	6775	369	1249	4879	984	7148	7206	4610	1535	3793	1789	397	1426	6957	6153	3281	7499	7076	3988	593	3405	2448	1274	1691	5005	1927	2118	5246	5844	4759	2638	5462	6787	3836	702	1625	7559	5096	3923	6231	4237	3431	1970	7611	302	365	1527	7060	6255	3499	2014	4916	1821	3334	5831	2648	1636	3371	2721	3977	5125	3886	6280	3681	1019	6121	6978	1213	6449	6193	3264	6898	402	2847	5730	4757	639	743	2424	3430	7046	6845	4934	5029	1520	566	2345	2975	3662	7196	7056	1264	6695	3968	2858	5582	3756	4728	3950	3171	517	3408	7282	3542	3851	500	255	649	5391	2791	5694	1226	7375	1831	7547	2846	2361	1009	5548	1012	4003	6697	5431	3402	4105	2971	6846	1562	5679	4467	380	2055	6223	6654	2673	6252	1929	7379	5688	7264	900	5168	854	4474	5722	4871	141	4438	3655	4955	5670	925	6148	81	5033	130	4944	5299	4790	2322	6414	1944	3218	7349	251	679	562	135	6705	898	1903	5796	1106	6578	2327	5206	3507	2903	267	4845	1667	6762	3768	183	4937	3969	4428	1	6593	3009	181	1557	5101	6936	6965	179	7340	3752	3458	2726	5107	445	1221	6919	3501	1271	4188	1181	2313	5364	217	4821	3860	1000	6996	6248	6385	1796	3660	6333	5946	2284	3066	1804	3620	2463	7090	1610	5845	4773	788	2689	1457	3633	5564	3224	58	3726	7411	3503	3798	3214	5532	7122	3672	683	2338	1641	800	6894	2942	6966	5744	4617	7217	7112	172	1404	6707	6664	1545	2532	737	924	3137	5659	4706	6042	5177	5892	5735	3123	735	4312	5387	2946	2137	6356	7436	5535	4225	5249	4107	5529	1284	2	1878	3841	4840	721	4786	3712	7485	831	1839	3	1728	299	2650	2200	5057	6390	1533	5275	4868	7590	5902	6753	7429	3661	544	4224	403	4006	1577	6642	1883	1567	7404	6863	7120	3832	2107	6940	5933	7395	2077	2040	5918	3096	7322	7557	3017	4760	689	2558	1269	3084	4319	7233	3339	1882	686	3346	2864	2127	7225	3470	2045	7534	7224	3625	1025	7388	665	776	7554	215	4311	1336	6239	749	4611	6095	6896	6657	1187	6350	4009	5142	1704	2230	655	4211	2359	2000	5242	2952	3813	3966	4004	3035	7240	7084	4846	7172	5841	913	833	3071	5601	6921	6853	2637	4691	1771	7586	1054	7364	4780	7556	3378	1092	2961	4908	7414	5114	2219	7024	3381	1946	5093	1411	2290	3934	3335	3194	5583	3511	6339	617	7004	4149	5386	2703	3775	5591	1958	6249	3591	5584	5879	6609	1774	6309	4248	6501	176	4654	7210	1644	1525	6185	613	5972	4109	2012	5642	606	3445	616	2535	6080	4788	7352	1431	5832	4660	5752	652	3602	2406	6507	7179	536	5325	6751	6234	6286	161	958	6084	5150	3549	952	4348	6856	989	2334	849	5456	5390	4078	1628	5466	6200	4097	1558	4923	6551	4112	4330	6564	1938	7449	6761	7561	3225	3223	1474	4228	1597	3932	2022	7569	1711	4038	5210	3715	1608	3986	2926	4047	3178	2617	1437	4110	6068	1836	2457	2414	7168	2506	782	1564	2409	46	3944	5389	3249	5027	7176	1317	535	3277	320	3063	923	6556	6941	598	2800	2747	4595	6831	6908	7077	530	5505	5842	3183	3242	5660	5418	1180	6180	3079	5968	870	1462	1834	6502	601	393	871	1316	7460	1369	392	4011	5926	815	2557	4158	6135	2954	628	6468	6029	2006	6281	4866	5323	3652	5007	7238	1095	3686	1280	4563	7614	271	6706	3871	5937	6931	1293	3581	5111	6265	6750	6689	203	229	4538	2142	5056	6026	2779	1245	6399	3700	2186	6136	6088	4212	5240	596	991	6523	618	6330	5573	6482	1550	6373	6459	1801	6944	2656	6492	2672	2690	3467	7527	3269	6316	2417	3383	680	489	7158	6483	3787	3567	1148	488	7511	7344	3657	1073	1743	2298	487	2146	6694	5298	1717	257	1166	2938	3231	3462	5985	2350	1472	4912	1296	2768	2477	6848	1506	1029	1430	259	930	2135	2908	4938	4735	2473	80	1767	1659	6562	124	891	5581	7166	123	6428	1870	5947	2109	4865	932	7308	6418	2589	7070	1840	6727	2645	2453	1252	6627	6876	3083	582	4404	7152	2958	6389	825	5536	1642	5255	3495	3972	3190	5104	4531	7519	5770	6890	7213	2105	6834	4142	695	4775	3744	3172	961	5259	3052	3767	107	518	7026	3617	4406	7261	1202	7328	1614	6149	433	3790	3118	3061	109	6431	2910	6258	421	5718	1041	1436	5526	222	605	5701	599	4954	3238	282	957	6816	950	5251	948	2649	6005	4457	3861	5628	5349	1158	6710	4040	1152	4634	2834	4285	4155	2578	3880	6818	6797	558	2980	7529	568	6764	5634	4307	1682	5230	5862	4261	6146	3974	3556	3648	3650	356	5978	4171	7055	5433	6473	1129	2207	1720	4837	1482	3621	5633	5864	15	7377	2641	1497	5028	4042	2196	6031	1924	1971	5595	6372	5411	3139	407	4012	1716	2162	3774	2381	3020	3857	2134	1957	7121	294	5856	2074	6691	1417	4195	1672	485	4230	295	7052	409	297	3687	4099	1908	1695	6530	1571	4007	114	2977	7365	3186	1310	4745	6874	2874	3737	3667	2482	7165	5538	504	4123	6647	6840	5866	3896	233	650	6724	817	7030	3438	306	3368	6572	4323	7314	2393	1694	5436	2678	2382	2967	2583	3418	260	3786	1230	5216	3854	1547	885	2102	6374	6955	6738	3720	2843	4127	3279	4141	2352	4572	187	999	5359	723	2640	1218	933	4328	1896	2960	6392	4147	5192	6776	1198	6577	7487	4298	2239	2050	5264	3170	319	1397	4051	7458	4562	3764	5847	2872	1752	4332	3717	4836	4692	4124	2552	3902	931	3106	5404	6902	3474	4983	3928	326	7595	608	6314	6861	4724	7332	7311	6754	3545	6767	2261	7254	5245	5347	5188	3163	2093	232	5410	3396	7410	4646	2101	3347	7173	4174	5970	4210	1183	1228	4175	3538	3469	6270	7014	6201	6623	1600	240	6674	884	2456	2593	2252	7441	1546	5226	5900	4128	56	7214	2275	6267	981	2585	4436	6118	619	2769	2455	2444	4536	6319	2244	1539	4512	3759	5687	3755	5706	5555	3900	112	1650	2569	7413	5625	383	4960	2699	6463	5929	6317	6479	2797	4726	4254	1863	4242	2897	1778	6648	16	4184	5088	773	3699	6974	3983	2821	1994	2755	3299	4270	6490	5405	4758	7520	6673	4085	4818	5227	358	4567	756	2635	1556	4707	3295	3771	4504	6935	68	1219	6718	2882	4125	1833	4477	7038	1991	4869	289	7385	4032	6972	4793	7427	5550	660	7455	3589	6067	4265	6311	4947	2823	1090	888	140	4150	4876	1534	2707	1125	2427	7246	3028	4387	2840	3189	2744	5205	1383	341	919	5935	484	1328	4095	4453	5309	5948	7021	5786	450	214	1848	7296	3722	1115	1772	3679	5165	7008	837	6240	5736	6735	4523	3997	119	6945	6879	4283	748	1392	3682	2222	143	6166	886	3102	1340	1381	2870	6988	4578	4915	7574	2818	2472	3401	4623	4300	2595	5134	1291	4433	949	2364	5704	654	2248	3459	2194	3110	3016	5233	1260	4520	7532	3333	3471	7391	7615	2264	4143	125	1350	6646	3292	802	3316	3257	270	5169	853	5551	3943	5612	1377	6875	1156	3811	3318	2584	2757	2020	2217	4797	5651	6521	630	3887	5707	1045	2373	6037	6388	5673	2121	3695	479	136	657	2466	499	3569	3731	4421	6162	4056	6553	6130	6504	1692	7132	6120	2262	2151	400	1618	3890	569	2841	3181	794	506	2330	2110	534	4440	456	3004	4703	7078	3247	1093	2972	3064	3012	2491	3637	2204	6296	6023	6182	3580	7302	7005	5337	7170	2902	5340	1053	2568	771	2985	3701	1040	1598	2299	1362	4805	5304	2605	1653	2949	944	2337	7438	1196	3958	6344	1324	3310	6168	3594	5312	5539	4838	740	2285	4521	5172	4293	4267	5209	1476	6207	5343	5294	2202	4920	7589	3325	7153	7550	3182	3104	5509	5199	4873	6778	3797	1623	1275	3951	3304	1751	2145	7502	4905	2861	3593	1891	1111	6665	6558	7063	1433	3624	1592	4763	2570	710	4476	2803	2189	4020	4024	5156	1943	2099	5966	674	5669	1171	1779	5062	3161	2390	5873	6440	2737	4475	973	7262	7089	2323	675	2329	2705	5641	4689	2098	177	7329	1145	436	104	6228	1046	5587	6364	6837	7266	5653	1740	115	5358	1601	7285	1865	196	6748	6873	1544	1314	7293	3494	3090	2044	3510	1671	7472	2862	4986	1725	5342	6043	1982	3509	5803	416	5775	6417	7054	956	7178	7422	1422	6214	5064	334	4191	45	5099	5896	7537	739	5363	1004	5876	5815	3155	6187	3829	1990	7138	1627	6341	1856	3116	1487	3800	2995	5175	5422	5406	3087	4252	4502	2333	2446	3758	1028	1399	5665	2283	373	982	977	1466	1648	4892	5162	5938	5848	1510	1979	3666	6478	3055	4535	5619	1062	1553	3762	1785	3453	7419	3357	1504	1376	5740	201	3656	2654	2111	2311	2398	1465	1926	1010	4448	5375	7248	1757	6010	4946	2104	6178	4305	2735	7583	169	3425	4001	2546	5734	5914	4221	6503	6046	6576	3241	7610	4685	1415	6493	6999	2775	5273	848	4152	5194	483	6466	6368	3888	6177	7446	1818	2297	2920	5868	2844	2914	7378	1329	7587	1978	4974	1132	5931	2033	5414	41	6287	3562	5549	6855	6985	711	5034	1261	4880	1696	6847	6676	4345	2395	827	6334	2829	1576	2619	5763	4778	3799	3859	2475	193	92	6946	2681	147	1402	1800	2522	2498	1428	90	6082	1306	3751	2376	540	5560	3407	6774	722	3380	7053	7545	6700	7420	1570	2702	3631	6437	552	4721	4910	4058	4073	1168	2539	3942	6165	512	5913	5700	3671	6117	1906	4985	7330	1828	4548	6641	4579	5429	874	1299	6765	4291	4081	3484	7345	6749	292	7483	4730	1503	3236	6481	5281	3486	5545	5620	4093	1144	4342	522	4823	6021	1763	2059	6970	4659	5592	5942	583	6824	5441	3610	1384	6889	4514	4452	1490	1142	1603	3910	5557	557	4709	2515	2468	3285	4426	1058	4096	1327	2266	3308	2538	7257	705	1528	5189	1463	4864	6436	3288	1983	426	4930	6170	2713	7205	6722	6421	3889	5589	458	615	5965	6885	6617	5586	5301	4932	4216	2004	117	1412	1750	4208	4243	1346	7495	625	3039	2171	4589	3962	1195	3543	2095	424	531	2439	3596	7596	5518	1066	2471	3363	6370	4675	3074	942	5631	813	7452	6090	3745	2682	386	555	5817	1363	4290	3919	7269	1517	3251	2848	209	6552	2308	1699	5124	2876	1565	7490	6202	5683	3766	3234	1635	6411	2056	2511	778	1014	448	4928	5606	502	2259	6407	1964	6227	6858	65	2114	805	5904	7398	4883	5047	1320	2085	6458	3128	5335	5463	5514	1574	7357	2636	1820	1630	1265	6284	687	2112	2123	5260	4341	5816	2493	5196	5305	786	6001	3213	6860	4607	4204	1496	4126	5324	7015	2659	2761	6757	3599	3130	6454	1208	7209	6035	3779	4335	2429	1273	1076	2486	5959	368	3497	1705	184	2420	7074	1973	2170	4284	4526	1805	5649	1013	4768	5676	2896	5334	6004	5681	59	413	2857	604	2626	1793	6546	2982	5108	2177	750	3075	7162	6378	3437	5790	3826	4151	4929	793	2028	3864	6866	3103	213	33	2745	5079	3669	7548	4396	2628	2159	4749	3502	3117	2450	5208	6784	6524	2080	182	6055	5627	5488	6477	7601	1109	3314	4738	7580	3365	6448	2079	5777	4069	7541	457	1825	4186	2269	1379	1018	648	288	4727	4014	4393	1999	6742	7544	4622	7612	1289	1852	6110	3086	4368	346	4060	2232	5981	4260	4397	158	5095	2229	4376	2566	2504	2292	6933	4714	3874	5409	4584	2421	715	4277	6666	4202	1044	4540	7484	3341	7032	6019	3197	5506	911	2015	6343	3409	364	4377	4309	5901	7108	2272	2318	2944	4544	6942	994	4431	6369	2026	3706	3157	7563	6147	1611	1845	71	3208	374	1808	1042	791	4977	7117	4804	120	733	6954	5137	6872	5426	4444	1522	808	1240	6295	4756	2921	6800	6273	729	4455	2401	1043	3293	5745	7476	2265	5303	6	6283	342	1551	1394	6886	6194	2881	5478	1803	4297	2765	7135	2190	51	2856	5119	4264	245	2730	2342	6327	2697	4787	6432	4554	4119	4560	5221	7576	3393	4516	178	1281	3361	4961	2031	4353	7107	4851	2787	3042	3970	5561	1879	3492	1584	5630	1959	6932	208	7069	543	2041	6204	3072	6332	3056	7287	4626	29	118	475	4201	4803	4517	2739	6703	4599	1830	1481	7216	3112	2354	4427	7150	6128	3782	2816	6094	1658	5220	7498	3330	3812	5450	4483	1647	5270	1051	3428	2966	381	4065	3230	3120	3926	3550	673	2069	835	1806	7123	4770	3336	7182	461	312	2884	2130	2083	6167	5132	474	3694	6752	887	4122	894	6460	3984	6353	6366	2343	6522	5556	927	7417	6512	6729	1134	3893	1113	6813	2267	6862	6455	212	6476	7477	3738	6799	1173	3512	6804	6155	6391	3946	4337	4033	640	3399	3520	6702	2408	7177	5572	5685	5160	1654	4941	4956	3180	6868	3955	2624	4139	4781	6375	899	3555	2694	2499	7144	1464	5109	6179	4649	4907	7605	3493	2940	5066	7459	2560	3750	7461	5204	268	1259	2868	4465	2973	6893	4662	1268	2492	1292	5618	3034	2601	7428	266	5277	2932	6299	5846	4755	1080	549	4825	6701	1176	4951	7234	3784	7372	2615	5575	7360	614	7315	7064	3971	2826	4039	7226	1761	6495	4256	2968	1091	1237	48	3250	5392	4306	2011	741	828	5516	4847	4145	4279	5244	3375	1909	4148	3169	3294	1612	3289	4398	627	501	6721	1916	5222	469	6381	1170	5097	5252	3198	4557	1389	2480	5519	3093	4653	1859	563	798	4614	4549	2305	5419	7245	6022	682	3460	4054	1209	6755	2507	4296	5401	1001	6291	4618	5070	548	5885	2503	1345	4609	6145	1851	313	4806	3953	4329	2996	2122	4668	5629	3680	3741	5178	5872	7623	2212	542	6678	1140	3645	1531	1057	5458	453	5773	1604	1016	766	4671	6009	5075	2156	1335	1471	5990	3262	6585	7353	661	667	3582	241	1907	777	6636	4220	4384	3532	2025	6109	3082	1643	1491	3703	4511	4532	6470	322	5011	2260	7403	7522	5440	3359	4274	4146	2706	357	1037	5352	4994	1239	3823	3535	694	3023	3794	6288	3822	6329	7469	7020	4522	4555	311	5774	4487	3253	701	5038	6912	3210	7001	4244	3847	4193	3856	4359	1734	585	4249	5585	2613	2245	6451	4505	724	684	3891	133	5993	6745	3267	4420	1410	7406	5731	1792	3291	2599	1710	6607	742	7380	4114	3105	929	5709	3030	1842	4087	3266	7189	6027	2096	4082	3730	4903
1554	5370
702	106	2458
1550	2029
6032	3690	6469	1215	495	2331	2153	4644	5989	5492
5151	6924	1449	2302	7346	528	1302	2931	5256	6238
3174	688	3195	2125	4043	6494	2828	1451	6713	2909	7451	7514
6877	6740	3574	1837	5198	5836	5727
5594	3367	7444	4528	3154	5147
847	3240	763	4809	378	1334	5090
24	5060
2198	440
1709	6960
478	2416	4777	6536	2890	5427	5677	2086	7585
1737	5750	1866	2445	2714	3283	5853	1244	1393
3202	3572	5507	1530	529	7175	5225	5045	5698
5910	3816	3909	1844	2572	6592
921	3748	671	2386
7232	4641	2106	2464	4294	7197	5782	5558	6596	872	2282	6594	1579	6189	1124	7241	5504	4140	2038
2754	6770	5378
2107	2878
477	67	4044	4638	5413	1446	1015	867
2418	3840	1371	3319
760	1639	4716	7560	2577
893	2276
2741	7339
5427	3019	359	4049	3630
5015	2235	6229	246	1819
2706	3508	4606
43	5454
837	6792	2452
3944	4410	7157	308	622	4688
6470	4302	4262	4471
5763	4084	2148	3456	6822
1416	4561	1665
1407	1401
5773	5495	6937	7286	4992	275	1688
500	4925	3949	4702	70	1135	5048
3578	843
2109	3644
4703	6461	7598	603	5708	5253	3643	6439	3423	3526	1380	5714
4411	5461
2977	1698
1740	5769	473
1526	7009	3227	6190
416	3911	5640	3898	2899	7184	718
1950	1559
2807	6367	2751	6622	1905
3964	995	1048	1199
4249	7163	1118	3273	5371
2277	7028
65	2854
3570	842
4632	1342	200	1283	850
3180	6208	1980	7535	4506
7400	6934	3727	7103
2084	2805
804	3342
1434	379	6717
3582	1901	3551	2271
74	1795
2128	2998	7334	7604	2586
6297	3115	1762	5039	6033	5400	4924	7155
4523	5015	3394	3003	3952	3828	3078	5635
785	3024	2451	6763	5603	7235	1986
79	6441
2566	2306	2225	3975	498	3145
581	5643
2044	6206	314	1050	3350
4879	4196	4156	4172	7137	5818	6533	4282	6796
3105	1262
709	4906	7045	1786	5791
1919	2517	1114	6089	6025	4035
87	1325	7270
2132	3920	1056	998
1824	4364
90	5274
4378	6734	4491	4909	6720	5445	6188	4859
1172	175
710	2289
1892	602
546	6519	1945
2606	3107
7572	6982	4488	3941
3629	7381
99	524	1937
818	7488
2455	2994
2261	418	2933
3222	708
104	6298	1794	3390
1003	2238	6639
6078	5417	3147	6690	6071	3417	2596	5453	4464	4697	4052	7525	6131	3278	4605	4072	1652	6489	7494	789	5473	2527	3274	7309	1060	7200	3415	6542	2419	5563	3420	2957	4417	1197	4926	7036
537	7536	4666	1817	7533
3431	3077
3236	1250
2101	6789	5402
2349	5657	519	4098	5639	5384
1732	7517	2089	4103	3085	128	3869	102
113	5355	3557
7417	6472	572	5958	5140	1620	3668	4509	6159	1445	1033
115	110	5988	5857	2835
2756	7294	97
1669	279	224	281	4772	2367	6100
118	6712	1509	1560
119	1850
120	4860	4904	1223	7141
2629	7600
1744	2725	5530
3899	964	2312	1021
6496	4390	767	5171	7443	4366
741	4624	6671	4700	709	816
1273	5604
6351	7348	6632	1473	7318	5787	6395	4744	1912
128	3530
6560	3113	5238	2760	1886	3480	6849
1674	980	3998	5939	591	7031	3385	2442
1647	4021	2670
6368	4411	7229	1405	5319
4943	3006	2991	2836	3809
1814	2494	417	1590	2435
135	131	2205	3842	349	4981	73	166
855	6108
137	1799
5255	1733	4830	7247	6667	3834	5024	5327
139	5578
140	7435	550
141	1677	1005
3751	6598	7475	6731	343	3598	2740	810
4205	1102	7080
144	3410
145	6446	645	5455	1349
2813	6467
2723	4373	852	1862	1108	5934	2825	664
3698	1617	4948	5217
5204	4655	3821
150	6544	6126	6424	2676	5308	2524	3852	5457
1660	6160
5661	2027	96	1748	2869	189	2092	1703	6257	1807	4867	3635	2268	7603	6203	4215	6526	3506	4722	1656	276	4222	4529	6588	4363
7259	4741	698	937	5528
2654	3647	192	2440	2139	3522	6020	7566
5780	2152	2764	7434
1545	1017
3692	3352	49	3747
1784	6817
6337	4167	6116
1388	918	3358	422	2211	4318
3185	692	1191	5272
4456	1500	6801	5861	6013	6487	2513
832	3184
3136	5754	6471
2469	2160
166	6101
530	3855	5610
2135	600	3045	6379	3282	2066
4455	3622	5710	2349	2955
170	7237
5316	1788	180	510	5286
6790	6169	1661
5971	2353	5975	3739
174	3165	2734
3197	1563
588	955	4246	4235
1501	5793
6341	3457	1177	1871	82	4408
426	2422
180	5139
1775	6952	370	2772	1940	2404	7568	291
1653	3073
1135	2691
184	5534
952	4710	4927	7183	7191	624	7231	4355
1610	5680
632	4163
3088	5292	2357	3413	3221
6796	5852	3801
1001	5944
3053	3858	7244	772	2911
6442	4111	3837	6541	2783	317	2806	5424
1359	7551	2947	1297	3781
7029	4018	2929	261	2875	4161	7347	6456	5014
911	5580
5105	7591	5477	6620
5019	1588	5366	2054	1266	7426	2218	4401	6264
1072	4315	1934	5893	151
5809	2178	2030	7396	3547
7048	4074	1169	1438	5469	3037	5032	22	2688	4157	6064	5991
5405	6484	7114	408	3041	6865	2484
3999	6062	1161	6056	5615	5485
4905	6882	5498	4250	1816	1333	4229	5263
2476	3564	5962
2328	2433	846
1929	3571
3095	2763	2141	3540	4812
2673	6321	6616
756	6217	4931
6305	2746	5772	2324	2830
1137	2470
5382	2776	6198	5439	2046	5819	1888	1278
213	5764	3127
1418	221
215	5127
1467	2794	4304	7232	6515
2329	1633	6640	907	7468
3186	4121
2080	1287	7160	1700	2913	5911
998	3504	5703
4607	7464	4632	1599
959	4705
2617	4593
1482	1407	6528
225	3544
1266	860
1293	7482
3430	3466	775	2683	6028	5180
7424	5271	1976	7466	5071	909
4877	1488
1270	6891
931	2988
3516	4303	1047	809	7621
4660	7101	962	2553	2091	7571	7258	3018
235	3565	6567	6323
2194	3948
1530	244
1648	286	3996	3337	6610	1541	4980	1777	4854	7578
239	4900
579	1689
2160	1674
3326	1236
243	2838	6652
1097	1902	1468	6074	1776
1260	6054
3285	5013	6906	4835	7273	7037
2411	464
248	2711	4888	7579	4164
5011	6078	6827
250	7075	4086
3302	730	5161	4820	6897	2094
796	4180	6958	2037	6565	1876	2790	2614	4434
3310	7409	4935
1344	936	904	3446
6743	5684	7323	6548	1162	7125	5666	4334	4752
7549	7399	69	5237	3978	1765
257	5854
4854	1475	2400	3332	5350	7500
4308	5207	1189	5468	3714	1731	3636
1360	6016
735	6241
4015	7581	6266	2003	6305	5215
263	1312
3696	889
1954	2591
2817	554	3892	5357	6923	3388	5903	2542	1810	7271	4971	5054	170
1895	7439	315	4205	5219	3844	1585	7105
773	2199	1149	4899	252
3770	4162
3978	7215	4612
3343	2201	6633
1480	7338	4214
690	4338
569	2809
2783	1594	5115	438
4061	6365
5433	2154	5383	769	6739	1186
643	3873
2382	3321	2992
1551	2798
281	1875
282	1300
6473	6599	6218	6114	1505
875	6566
689	6884
4612	6051	3529	7442	4748	637
5492	6275	2128	6772
3537	7086	243	6235	1396	821
4409	1210	1634	4585	1904	4884	2712	3607	2115	4429	2814
863	3961
707	296	1137
4243	1117	3005	5675	7227	2663
1555	5151	5019	5596
294	765	5895	2979	3770	505	1749
295	1150	3080
6660	4138	587	1251
6050	2449	327	1586	419	3303
5792	6500	3865	6612	6406	1279	5654	3521	5491
4980	1843	986	915	2198	697
7040	7062	6850	1780	2147	2588	7481
5235	4102	5297	4117	516	5829
4327	1353	4425	5599	4832	4385
303	35	2301	6747	6475
3724	896	5749	7145	6766
6689	3369	3563
841	4754
1760	3708	3878
308	6887
3904	967	2669	6823	6715	4936	5711	1860	1227	6672
3227	2873	5850	5040
4800	4591	1365	6066	6297	4190	1070	971	5705	752	5833
7125	4970	7394	3280	5	6244	127	4881
2541	490	1127	685
3810	3158
3866	7463	7562	236	5945	7007
316	37	3167
317	3991
1859	4719
3554	829	4416	3298	5804	3007
638	3450
6064	2964	2459	3724	7102	293	4625	2548	3903	2822	1123
1022	5543
4252	3022
4708	1519	3483
613	2347	3632	4636
2866	4600	6259	6836	5671	5173	571
5360	3835	5351	2544	6968	5613	3306	2411	7321	3761
1357	1107	228	6538	879
4763	1418	4501	3275	6651	6563	6172
3611	4399	1035	4743	5621	4182	2551	4814	7288	5553
890	2144	5570	5078
5161	2533	5149	6983	5828	5080	2164	4091	5867
6336	5322	6790	3489	2181
873	116	4701	5430
3555	2600
2699	1933	866
4743	6628	7582	3059	3149
338	2647	3592
2062	6491	2700	3270	6509	3995	920
5279	1753	6050	588
1887	4023	7098
3838	945	6312	7194	734	1133	375
5219	3364	4959	7071
3568	5106	4447	840	2051	6811	3810	4019
2042	3584
1380	216	5851	6911	2039
1466	4324	1872	226
4782	3345	641	1602	5508	6768	2328	1657
349	3597
1496	234	42	5869	1026
654	290
650	2391
2237	2316	2242	6457	1736	7524	5982	2845	2815
1002	7284
3729	7359	7584	1729
1815	300	2827	99	5470	7543
2383	1338	452	1521	2216	1164
3097	6361
1510	1849
945	7199
1178	491	1773	6590	6061	5153
4915	1511	3498	2871	5332	4556	3814	707
7111	4287	1513	4831	3143
364	47	538
4034	6383	7068	7297	7397	1738	4952
5136	6883	6445	5768	7083
838	2571	1348
5317	4451	2385	3129	3138
369	3845
2040	406	3397	6105	951
2441	471	4676	7489	6408
4453	6802	857	2686	5689	5231	4280	4207	5616	1160	7113	6971	2187	148	5906	1542
3855	7072	1911	3244	6351	6301	3286
1424	787	2426	1790	3573	6998
375	5314
3593	3897	4104
377	4657	3833	6427
1115	162	2962	2781	5448	2516	5344	1467
6840	7299	1918	3675	3144	372
7159	4400	2923	939	1375	4200	137	2087	3904	7011	6832	4769	1681
4482	1288	1459	6708	3925	3713	3148	3729	7295
382	6991	2017
780	1447	5174	3377
7220	4603	7393	1880	5781	4796	5471
1093	7416	4008	2396
4653	1388
6675	4782	7526	3533	7087
2442	1536	1624
1622	7100
3951	5863	6230	2209	7278
3379	1701	5212	2197
392	4000	3360
1396	1963	6416
561	1555	3108
395	3400	2892
4037	7091	4132	859	6737
5964	4269	4478	5420	2559
398	2510
669	4785
4003	6990	2580	3850	4327
401	3038
655	113	1838
1286	5043
6528	6589	339	669	2460
623	4811
6254	4108	7253	4461	2100	3322	4507	17	1337
6972	3894	2997	7276
4462	3515	2720	7242
4406	5650	7151	2180	1811	2075	865	676	4739	3050	3776	6992	2766	6871	1965	6711	6625
3467	3853
<Superedge Info>
5369	65
5330	74
4463	579
2752	377
3898	581
1953	1950
1953	1416
1953	546
2153	1266
5120	3467
1550	847
6032	426
5151	1622
3174	669
6877	1824
6877	735
5594	3343
5594	4252
5594	2194
5594	1554
847	841
847	837
847	239
847	561
847	655
847	847
847	225
847	349
847	838
847	170
847	174
847	250
478	478
1737	654
3202	263
5910	710
7232	623
2754	377
2107	847
2418	2411
760	99
893	890
5427	1510
5015	79
2706	780
3944	1859
6470	931
5763	3229
5773	1137
5773	1660
500	500
2109	847
4703	4703
4411	4409
1740	847
416	140
416	145
2807	145
3964	818
4249	4249
3570	3285
4632	1293
3180	669
7400	180
2084	2080
1434	128
3582	1286
3582	3578
6297	1145
4523	2741
785	166
2566	2566
2044	1887
4879	4877
3105	377
709	702
1919	401
2132	2128
4378	1360
7572	4061
2261	115
104	99
1003	998
6078	398
537	99
537	118
537	115
537	537
3431	3430
2101	847
2349	2198
2349	2349
1732	654
113	104
7417	945
115	99
115	113
115	115
2756	377
1669	349
118	99
118	113
118	115
120	99
120	120
120	115
1744	847
3899	643
6496	401
741	281
6351	959
6560	239
1674	1674
1647	477
6368	65
4943	4943
4943	613
1814	1001
855	847
5255	3097
141	135
3751	248
4205	4003
4205	3729
145	140
145	141
145	145
2723	1551
3698	3696
5204	2977
150	141
150	150
150	145
150	135
5661	623
7259	90
2654	1273
5780	650
3692	392
3692	395
6337	5219
1388	1380
4456	1954
3136	921
2135	2128
4455	546
5316	3
6790	128
5971	12
588	303
6341	569
1775	1775
952	144
6796	128
3053	145
6442	689
1359	1357
7029	1554
5105	184
5019	1145
1072	1072
5809	65
7048	215
5405	669
3999	141
4905	1806
2476	2128
2328	248
3095	2813
2673	537
756	118
6305	2277
5382	24
1467	1344
1467	1466
2329	243
2329	248
2329	2329
3186	3185
1482	1357
7424	257
1270	847
3516	3310
4660	1135
235	141
1648	170
2160	478
3326	890
3285	398
248	243
248	248
5011	4003
3302	3302
796	99
796	115
796	120
1344	690
6743	638
7549	166
4854	1022
4308	295
4015	3810
1954	1953
2817	669
1895	1892
773	99
773	118
773	115
3770	2062
1480	1357
2783	2329
5433	119
1551	847
6473	2455
875	873
4612	87
5492	945
3537	3537
3537	1526
863	847
4243	3978
1555	1530
294	294
6660	911
6050	1929
5792	2469
4980	3197
7040	166
5235	2617
4327	832
3724	1510
6689	623
3904	139
3227	3222
4800	2042
7125	43
2541	1760
3866	1501
317	316
6064	1784
4708	4607
2866	2866
2866	1526
5360	137
1357	707
1357	1357
4763	65
3611	166
5161	141
6336	2629
3555	3554
2699	1097
4743	1407
2062	166
5279	128
3838	530
3568	1396
3568	1380
3568	3568
1380	213
1466	1344
1466	690
4782	1380
4782	213
1496	338
2237	1709
1815	74
2383	2383
2383	2382
1178	1172
4915	1002
7111	690
4034	4034
5136	1416
5317	613
2040	847
2040	561
2040	838
2040	174
2040	2040
2040	250
2441	375
2441	2441
2441	382
2441	377
4453	139
3855	170
1424	1418
3593	248
377	369
377	364
1115	282
6840	2042
7159	669
4482	3236
780	99
780	120
780	115
7220	308
1093	145
4653	4327
6675	804
6675	632
6675	1260
6675	6675
2442	873
3951	1610
3379	3378
4037	1545
5964	613
4003	3088
4003	4003
6528	1653
6254	170
6972	3629
4462	2606
4406	669
